{
  "circular_structure": {
    "adjacency_pairs": [
      [
        0,
        1
      ],
      [
        1,
        2
      ],
      [
        2,
        3
      ],
      [
        3,
        4
      ],
      [
        4,
        5
      ],
      [
        5,
        6
      ],
      [
        6,
        7
      ],
      [
        7,
        8
      ],
      [
        8,
        9
      ],
      [
        9,
        10
      ],
      [
        10,
        11
      ],
      [
        11,
        12
      ],
      [
        12,
        0
      ]
    ],
    "diameter_pairs": [
      [
        0,
        6
      ],
      [
        1,
        7
      ],
      [
        2,
        8
      ],
      [
        3,
        9
      ],
      [
        4,
        10
      ],
      [
        5,
        11
      ],
      [
        6,
        12
      ]
    ],
    "expected_radius_consistency": true,
    "expected_angular_spacing": 0.483321946706122
  },
  "algebraic_properties": {
    "commutative_pairs": [
      [
        [
          0,
          1
        ],
        [
          1,
          0
        ]
      ],
      [
        [
          0,
          2
        ],
        [
          2,
          0
        ]
      ],
      [
        [
          0,
          3
        ],
        [
          3,
          0
        ]
      ],
      [
        [
          0,
          4
        ],
        [
          4,
          0
        ]
      ],
      [
        [
          0,
          5
        ],
        [
          5,
          0
        ]
      ],
      [
        [
          0,
          6
        ],
        [
          6,
          0
        ]
      ],
      [
        [
          0,
          7
        ],
        [
          7,
          0
        ]
      ],
      [
        [
          0,
          8
        ],
        [
          8,
          0
        ]
      ],
      [
        [
          0,
          9
        ],
        [
          9,
          0
        ]
      ],
      [
        [
          0,
          10
        ],
        [
          10,
          0
        ]
      ],
      [
        [
          0,
          11
        ],
        [
          11,
          0
        ]
      ],
      [
        [
          0,
          12
        ],
        [
          12,
          0
        ]
      ],
      [
        [
          1,
          2
        ],
        [
          2,
          1
        ]
      ],
      [
        [
          1,
          3
        ],
        [
          3,
          1
        ]
      ],
      [
        [
          1,
          4
        ],
        [
          4,
          1
        ]
      ],
      [
        [
          1,
          5
        ],
        [
          5,
          1
        ]
      ],
      [
        [
          1,
          6
        ],
        [
          6,
          1
        ]
      ],
      [
        [
          1,
          7
        ],
        [
          7,
          1
        ]
      ],
      [
        [
          1,
          8
        ],
        [
          8,
          1
        ]
      ],
      [
        [
          1,
          9
        ],
        [
          9,
          1
        ]
      ],
      [
        [
          1,
          10
        ],
        [
          10,
          1
        ]
      ],
      [
        [
          1,
          11
        ],
        [
          11,
          1
        ]
      ],
      [
        [
          1,
          12
        ],
        [
          12,
          1
        ]
      ],
      [
        [
          2,
          3
        ],
        [
          3,
          2
        ]
      ],
      [
        [
          2,
          4
        ],
        [
          4,
          2
        ]
      ],
      [
        [
          2,
          5
        ],
        [
          5,
          2
        ]
      ],
      [
        [
          2,
          6
        ],
        [
          6,
          2
        ]
      ],
      [
        [
          2,
          7
        ],
        [
          7,
          2
        ]
      ],
      [
        [
          2,
          8
        ],
        [
          8,
          2
        ]
      ],
      [
        [
          2,
          9
        ],
        [
          9,
          2
        ]
      ],
      [
        [
          2,
          10
        ],
        [
          10,
          2
        ]
      ],
      [
        [
          2,
          11
        ],
        [
          11,
          2
        ]
      ],
      [
        [
          2,
          12
        ],
        [
          12,
          2
        ]
      ],
      [
        [
          3,
          4
        ],
        [
          4,
          3
        ]
      ],
      [
        [
          3,
          5
        ],
        [
          5,
          3
        ]
      ],
      [
        [
          3,
          6
        ],
        [
          6,
          3
        ]
      ],
      [
        [
          3,
          7
        ],
        [
          7,
          3
        ]
      ],
      [
        [
          3,
          8
        ],
        [
          8,
          3
        ]
      ],
      [
        [
          3,
          9
        ],
        [
          9,
          3
        ]
      ],
      [
        [
          3,
          10
        ],
        [
          10,
          3
        ]
      ],
      [
        [
          3,
          11
        ],
        [
          11,
          3
        ]
      ],
      [
        [
          3,
          12
        ],
        [
          12,
          3
        ]
      ],
      [
        [
          4,
          5
        ],
        [
          5,
          4
        ]
      ],
      [
        [
          4,
          6
        ],
        [
          6,
          4
        ]
      ],
      [
        [
          4,
          7
        ],
        [
          7,
          4
        ]
      ],
      [
        [
          4,
          8
        ],
        [
          8,
          4
        ]
      ],
      [
        [
          4,
          9
        ],
        [
          9,
          4
        ]
      ],
      [
        [
          4,
          10
        ],
        [
          10,
          4
        ]
      ],
      [
        [
          4,
          11
        ],
        [
          11,
          4
        ]
      ],
      [
        [
          4,
          12
        ],
        [
          12,
          4
        ]
      ],
      [
        [
          5,
          6
        ],
        [
          6,
          5
        ]
      ],
      [
        [
          5,
          7
        ],
        [
          7,
          5
        ]
      ],
      [
        [
          5,
          8
        ],
        [
          8,
          5
        ]
      ],
      [
        [
          5,
          9
        ],
        [
          9,
          5
        ]
      ],
      [
        [
          5,
          10
        ],
        [
          10,
          5
        ]
      ],
      [
        [
          5,
          11
        ],
        [
          11,
          5
        ]
      ],
      [
        [
          5,
          12
        ],
        [
          12,
          5
        ]
      ],
      [
        [
          6,
          7
        ],
        [
          7,
          6
        ]
      ],
      [
        [
          6,
          8
        ],
        [
          8,
          6
        ]
      ],
      [
        [
          6,
          9
        ],
        [
          9,
          6
        ]
      ],
      [
        [
          6,
          10
        ],
        [
          10,
          6
        ]
      ],
      [
        [
          6,
          11
        ],
        [
          11,
          6
        ]
      ],
      [
        [
          6,
          12
        ],
        [
          12,
          6
        ]
      ],
      [
        [
          7,
          8
        ],
        [
          8,
          7
        ]
      ],
      [
        [
          7,
          9
        ],
        [
          9,
          7
        ]
      ],
      [
        [
          7,
          10
        ],
        [
          10,
          7
        ]
      ],
      [
        [
          7,
          11
        ],
        [
          11,
          7
        ]
      ],
      [
        [
          7,
          12
        ],
        [
          12,
          7
        ]
      ],
      [
        [
          8,
          9
        ],
        [
          9,
          8
        ]
      ],
      [
        [
          8,
          10
        ],
        [
          10,
          8
        ]
      ],
      [
        [
          8,
          11
        ],
        [
          11,
          8
        ]
      ],
      [
        [
          8,
          12
        ],
        [
          12,
          8
        ]
      ],
      [
        [
          9,
          10
        ],
        [
          10,
          9
        ]
      ],
      [
        [
          9,
          11
        ],
        [
          11,
          9
        ]
      ],
      [
        [
          9,
          12
        ],
        [
          12,
          9
        ]
      ],
      [
        [
          10,
          11
        ],
        [
          11,
          10
        ]
      ],
      [
        [
          10,
          12
        ],
        [
          12,
          10
        ]
      ],
      [
        [
          11,
          12
        ],
        [
          12,
          11
        ]
      ]
    ],
    "identity_pairs": [
      [
        0,
        0
      ],
      [
        1,
        0
      ],
      [
        2,
        0
      ],
      [
        3,
        0
      ],
      [
        4,
        0
      ],
      [
        5,
        0
      ],
      [
        6,
        0
      ],
      [
        7,
        0
      ],
      [
        8,
        0
      ],
      [
        9,
        0
      ],
      [
        10,
        0
      ],
      [
        11,
        0
      ],
      [
        12,
        0
      ]
    ],
    "inverse_pairs": [
      [
        1,
        12
      ],
      [
        2,
        11
      ],
      [
        3,
        10
      ],
      [
        4,
        9
      ],
      [
        5,
        8
      ],
      [
        6,
        7
      ]
    ],
    "addition_table": [
      [
        0,
        1,
        2,
        3,
        4,
        5,
        6,
        7,
        8,
        9,
        10,
        11,
        12
      ],
      [
        1,
        2,
        3,
        4,
        5,
        6,
        7,
        8,
        9,
        10,
        11,
        12,
        0
      ],
      [
        2,
        3,
        4,
        5,
        6,
        7,
        8,
        9,
        10,
        11,
        12,
        0,
        1
      ],
      [
        3,
        4,
        5,
        6,
        7,
        8,
        9,
        10,
        11,
        12,
        0,
        1,
        2
      ],
      [
        4,
        5,
        6,
        7,
        8,
        9,
        10,
        11,
        12,
        0,
        1,
        2,
        3
      ],
      [
        5,
        6,
        7,
        8,
        9,
        10,
        11,
        12,
        0,
        1,
        2,
        3,
        4
      ],
      [
        6,
        7,
        8,
        9,
        10,
        11,
        12,
        0,
        1,
        2,
        3,
        4,
        5
      ],
      [
        7,
        8,
        9,
        10,
        11,
        12,
        0,
        1,
        2,
        3,
        4,
        5,
        6
      ],
      [
        8,
        9,
        10,
        11,
        12,
        0,
        1,
        2,
        3,
        4,
        5,
        6,
        7
      ],
      [
        9,
        10,
        11,
        12,
        0,
        1,
        2,
        3,
        4,
        5,
        6,
        7,
        8
      ],
      [
        10,
        11,
        12,
        0,
        1,
        2,
        3,
        4,
        5,
        6,
        7,
        8,
        9
      ],
      [
        11,
        12,
        0,
        1,
        2,
        3,
        4,
        5,
        6,
        7,
        8,
        9,
        10
      ],
      [
        12,
        0,
        1,
        2,
        3,
        4,
        5,
        6,
        7,
        8,
        9,
        10,
        11
      ]
    ],
    "is_abelian_group": true,
    "identity_element": 0
  },
  "distance_matrices": {
    "circular_distance": [
      [
        0.0,
        1.0,
        2.0,
        3.0,
        4.0,
        5.0,
        6.0,
        6.0,
        5.0,
        4.0,
        3.0,
        2.0,
        1.0
      ],
      [
        1.0,
        0.0,
        1.0,
        2.0,
        3.0,
        4.0,
        5.0,
        6.0,
        6.0,
        5.0,
        4.0,
        3.0,
        2.0
      ],
      [
        2.0,
        1.0,
        0.0,
        1.0,
        2.0,
        3.0,
        4.0,
        5.0,
        6.0,
        6.0,
        5.0,
        4.0,
        3.0
      ],
      [
        3.0,
        2.0,
        1.0,
        0.0,
        1.0,
        2.0,
        3.0,
        4.0,
        5.0,
        6.0,
        6.0,
        5.0,
        4.0
      ],
      [
        4.0,
        3.0,
        2.0,
        1.0,
        0.0,
        1.0,
        2.0,
        3.0,
        4.0,
        5.0,
        6.0,
        6.0,
        5.0
      ],
      [
        5.0,
        4.0,
        3.0,
        2.0,
        1.0,
        0.0,
        1.0,
        2.0,
        3.0,
        4.0,
        5.0,
        6.0,
        6.0
      ],
      [
        6.0,
        5.0,
        4.0,
        3.0,
        2.0,
        1.0,
        0.0,
        1.0,
        2.0,
        3.0,
        4.0,
        5.0,
        6.0
      ],
      [
        6.0,
        6.0,
        5.0,
        4.0,
        3.0,
        2.0,
        1.0,
        0.0,
        1.0,
        2.0,
        3.0,
        4.0,
        5.0
      ],
      [
        5.0,
        6.0,
        6.0,
        5.0,
        4.0,
        3.0,
        2.0,
        1.0,
        0.0,
        1.0,
        2.0,
        3.0,
        4.0
      ],
      [
        4.0,
        5.0,
        6.0,
        6.0,
        5.0,
        4.0,
        3.0,
        2.0,
        1.0,
        0.0,
        1.0,
        2.0,
        3.0
      ],
      [
        3.0,
        4.0,
        5.0,
        6.0,
        6.0,
        5.0,
        4.0,
        3.0,
        2.0,
        1.0,
        0.0,
        1.0,
        2.0
      ],
      [
        2.0,
        3.0,
        4.0,
        5.0,
        6.0,
        6.0,
        5.0,
        4.0,
        3.0,
        2.0,
        1.0,
        0.0,
        1.0
      ],
      [
        1.0,
        2.0,
        3.0,
        4.0,
        5.0,
        6.0,
        6.0,
        5.0,
        4.0,
        3.0,
        2.0,
        1.0,
        0.0
      ]
    ],
    "euclidean_distance": [
      [
        0.0,
        0.47863131761550903,
        0.9294463396072388,
        1.3262453079223633,
        1.645967721939087,
        1.870032548904419,
        1.9854177236557007,
        1.9854177236557007,
        1.870032548904419,
        1.645967721939087,
        1.3262453079223633,
        0.9294465184211731,
        0.4786313474178314
      ],
      [
        0.47863131761550903,
        0.0,
        0.47863131761550903,
        0.9294463396072388,
        1.3262451887130737,
        1.645967721939087,
        1.8700324296951294,
        1.9854177236557007,
        1.9854177236557007,
        1.870032548904419,
        1.645967721939087,
        1.3262454271316528,
        0.9294463396072388
      ],
      [
        0.9294463396072388,
        0.47863131761550903,
        0.0,
        0.47863131761550903,
        0.929446280002594,
        1.3262453079223633,
        1.645967721939087,
        1.8700324296951294,
        1.9854177236557007,
        1.9854178428649902,
        1.8700324296951294,
        1.6459678411483765,
        1.3262453079223633
      ],
      [
        1.3262453079223633,
        0.9294463396072388,
        0.47863131761550903,
        0.0,
        0.47863128781318665,
        0.9294463992118835,
        1.3262454271316528,
        1.645967721939087,
        1.8700324296951294,
        1.9854177236557007,
        1.9854177236557007,
        1.870032548904419,
        1.645967721939087
      ],
      [
        1.645967721939087,
        1.3262451887130737,
        0.929446280002594,
        0.47863128781318665,
        0.0,
        0.4786314070224762,
        0.9294463992118835,
        1.3262453079223633,
        1.6459676027297974,
        1.870032548904419,
        1.9854177236557007,
        1.9854178428649902,
        1.8700324296951294
      ],
      [
        1.870032548904419,
        1.645967721939087,
        1.3262453079223633,
        0.9294463992118835,
        0.4786314070224762,
        0.0,
        0.47863128781318665,
        0.929446280002594,
        1.3262453079223633,
        1.6459676027297974,
        1.870032548904419,
        1.9854177236557007,
        1.9854178428649902
      ],
      [
        1.9854177236557007,
        1.8700324296951294,
        1.645967721939087,
        1.3262454271316528,
        0.9294463992118835,
        0.47863128781318665,
        0.0,
        0.47863128781318665,
        0.929446280002594,
        1.3262453079223633,
        1.6459678411483765,
        1.8700324296951294,
        1.9854178428649902
      ],
      [
        1.9854177236557007,
        1.9854177236557007,
        1.8700324296951294,
        1.645967721939087,
        1.3262453079223633,
        0.929446280002594,
        0.47863128781318665,
        0.0,
        0.47863128781318665,
        0.929446280002594,
        1.3262454271316528,
        1.645967721939087,
        1.870032548904419
      ],
      [
        1.870032548904419,
        1.9854177236557007,
        1.9854177236557007,
        1.8700324296951294,
        1.6459676027297974,
        1.3262453079223633,
        0.929446280002594,
        0.47863128781318665,
        0.0,
        0.47863125801086426,
        0.9294464588165283,
        1.3262451887130737,
        1.645967721939087
      ],
      [
        1.645967721939087,
        1.870032548904419,
        1.9854178428649902,
        1.9854177236557007,
        1.870032548904419,
        1.6459676027297974,
        1.3262453079223633,
        0.929446280002594,
        0.47863125801086426,
        0.0,
        0.47863152623176575,
        0.929446280002594,
        1.3262454271316528
      ],
      [
        1.3262453079223633,
        1.645967721939087,
        1.8700324296951294,
        1.9854177236557007,
        1.9854177236557007,
        1.870032548904419,
        1.6459678411483765,
        1.3262454271316528,
        0.9294464588165283,
        0.47863152623176575,
        0.0,
        0.47863104939460754,
        0.929446280002594
      ],
      [
        0.9294465184211731,
        1.3262454271316528,
        1.6459678411483765,
        1.870032548904419,
        1.9854178428649902,
        1.9854177236557007,
        1.8700324296951294,
        1.645967721939087,
        1.3262451887130737,
        0.929446280002594,
        0.47863104939460754,
        0.0,
        0.47863152623176575
      ],
      [
        0.4786313474178314,
        0.9294463396072388,
        1.3262453079223633,
        1.645967721939087,
        1.8700324296951294,
        1.9854178428649902,
        1.9854178428649902,
        1.870032548904419,
        1.645967721939087,
        1.3262454271316528,
        0.929446280002594,
        0.47863152623176575,
        0.0
      ]
    ],
    "unit_circle_coords": [
      [
        1.0,
        0.0
      ],
      [
        0.8854560256004333,
        0.4647231698036194
      ],
      [
        0.5680647492408752,
        0.8229838609695435
      ],
      [
        0.1205366849899292,
        0.9927088618278503
      ],
      [
        -0.3546048402786255,
        0.9350162744522095
      ],
      [
        -0.7485107779502869,
        0.6631226539611816
      ],
      [
        -0.9709418416023254,
        0.2393156737089157
      ],
      [
        -0.9709418416023254,
        -0.23931561410427094
      ],
      [
        -0.7485107779502869,
        -0.6631225943565369
      ],
      [
        -0.3546050190925598,
        -0.9350162148475647
      ],
      [
        0.12053674459457397,
        -0.9927088618278503
      ],
      [
        0.5680645704269409,
        -0.822983980178833
      ],
      [
        0.8854560256004333,
        -0.4647231996059418
      ]
    ],
    "angles": [
      0.0,
      0.4833219349384308,
      0.9666438698768616,
      1.4499658346176147,
      1.9332877397537231,
      2.416609764099121,
      2.8999316692352295,
      3.383253574371338,
      3.8665754795074463,
      4.349897384643555,
      4.833219528198242,
      5.3165411949157715,
      5.799863338470459
    ]
  },
  "validation_sets": {
    "commutativity": {
      "index_pairs": [
        [
          1,
          13
        ],
        [
          2,
          26
        ],
        [
          3,
          39
        ],
        [
          4,
          52
        ],
        [
          5,
          65
        ],
        [
          6,
          78
        ],
        [
          7,
          91
        ],
        [
          8,
          104
        ],
        [
          9,
          117
        ],
        [
          10,
          130
        ],
        [
          11,
          143
        ],
        [
          12,
          156
        ],
        [
          15,
          27
        ],
        [
          16,
          40
        ],
        [
          17,
          53
        ],
        [
          18,
          66
        ],
        [
          19,
          79
        ],
        [
          20,
          92
        ],
        [
          21,
          105
        ],
        [
          22,
          118
        ],
        [
          23,
          131
        ],
        [
          24,
          144
        ],
        [
          25,
          157
        ],
        [
          29,
          41
        ],
        [
          30,
          54
        ],
        [
          31,
          67
        ],
        [
          32,
          80
        ],
        [
          33,
          93
        ],
        [
          34,
          106
        ],
        [
          35,
          119
        ],
        [
          36,
          132
        ],
        [
          37,
          145
        ],
        [
          38,
          158
        ],
        [
          43,
          55
        ],
        [
          44,
          68
        ],
        [
          45,
          81
        ],
        [
          46,
          94
        ],
        [
          47,
          107
        ],
        [
          48,
          120
        ],
        [
          49,
          133
        ],
        [
          50,
          146
        ],
        [
          51,
          159
        ],
        [
          57,
          69
        ],
        [
          58,
          82
        ],
        [
          59,
          95
        ],
        [
          60,
          108
        ],
        [
          61,
          121
        ],
        [
          62,
          134
        ],
        [
          63,
          147
        ],
        [
          64,
          160
        ],
        [
          71,
          83
        ],
        [
          72,
          96
        ],
        [
          73,
          109
        ],
        [
          74,
          122
        ],
        [
          75,
          135
        ],
        [
          76,
          148
        ],
        [
          77,
          161
        ],
        [
          85,
          97
        ],
        [
          86,
          110
        ],
        [
          87,
          123
        ],
        [
          88,
          136
        ],
        [
          89,
          149
        ],
        [
          90,
          162
        ],
        [
          99,
          111
        ],
        [
          100,
          124
        ],
        [
          101,
          137
        ],
        [
          102,
          150
        ],
        [
          103,
          163
        ],
        [
          113,
          125
        ],
        [
          114,
          138
        ],
        [
          115,
          151
        ],
        [
          116,
          164
        ],
        [
          127,
          139
        ],
        [
          128,
          152
        ],
        [
          129,
          165
        ],
        [
          141,
          153
        ],
        [
          142,
          166
        ],
        [
          155,
          167
        ]
      ],
      "description": "f(a,b) should equal f(b,a)",
      "expected_difference": 0
    },
    "identity": {
      "indices": [
        0,
        13,
        26,
        39,
        52,
        65,
        78,
        91,
        104,
        117,
        130,
        143,
        156
      ],
      "expected_outputs": [
        0,
        1,
        2,
        3,
        4,
        5,
        6,
        7,
        8,
        9,
        10,
        11,
        12
      ],
      "description": "f(a,0) should equal a"
    },
    "inverse": {
      "indices": [
        25,
        37,
        49,
        61,
        73,
        85
      ],
      "expected_output": 0,
      "description": "f(a,p-a) should equal 0"
    }
  },
  "dataset_info": {
    "p": 13,
    "representation": "embedding",
    "num_examples": 169,
    "input_shape": [
      169,
      2
    ],
    "target_shape": [
      169
    ]
  }
}