{
  "circular_structure": {
    "adjacency_pairs": [
      [
        0,
        1
      ],
      [
        1,
        2
      ],
      [
        2,
        3
      ],
      [
        3,
        4
      ],
      [
        4,
        5
      ],
      [
        5,
        6
      ],
      [
        6,
        0
      ]
    ],
    "diameter_pairs": [
      [
        0,
        3
      ],
      [
        1,
        4
      ],
      [
        2,
        5
      ],
      [
        3,
        6
      ]
    ],
    "expected_radius_consistency": true,
    "expected_angular_spacing": 0.8975979010256552
  },
  "algebraic_properties": {
    "commutative_pairs": [
      [
        [
          0,
          1
        ],
        [
          1,
          0
        ]
      ],
      [
        [
          0,
          2
        ],
        [
          2,
          0
        ]
      ],
      [
        [
          0,
          3
        ],
        [
          3,
          0
        ]
      ],
      [
        [
          0,
          4
        ],
        [
          4,
          0
        ]
      ],
      [
        [
          0,
          5
        ],
        [
          5,
          0
        ]
      ],
      [
        [
          0,
          6
        ],
        [
          6,
          0
        ]
      ],
      [
        [
          1,
          2
        ],
        [
          2,
          1
        ]
      ],
      [
        [
          1,
          3
        ],
        [
          3,
          1
        ]
      ],
      [
        [
          1,
          4
        ],
        [
          4,
          1
        ]
      ],
      [
        [
          1,
          5
        ],
        [
          5,
          1
        ]
      ],
      [
        [
          1,
          6
        ],
        [
          6,
          1
        ]
      ],
      [
        [
          2,
          3
        ],
        [
          3,
          2
        ]
      ],
      [
        [
          2,
          4
        ],
        [
          4,
          2
        ]
      ],
      [
        [
          2,
          5
        ],
        [
          5,
          2
        ]
      ],
      [
        [
          2,
          6
        ],
        [
          6,
          2
        ]
      ],
      [
        [
          3,
          4
        ],
        [
          4,
          3
        ]
      ],
      [
        [
          3,
          5
        ],
        [
          5,
          3
        ]
      ],
      [
        [
          3,
          6
        ],
        [
          6,
          3
        ]
      ],
      [
        [
          4,
          5
        ],
        [
          5,
          4
        ]
      ],
      [
        [
          4,
          6
        ],
        [
          6,
          4
        ]
      ],
      [
        [
          5,
          6
        ],
        [
          6,
          5
        ]
      ]
    ],
    "identity_pairs": [
      [
        0,
        0
      ],
      [
        1,
        0
      ],
      [
        2,
        0
      ],
      [
        3,
        0
      ],
      [
        4,
        0
      ],
      [
        5,
        0
      ],
      [
        6,
        0
      ]
    ],
    "inverse_pairs": [
      [
        1,
        6
      ],
      [
        2,
        5
      ],
      [
        3,
        4
      ]
    ],
    "addition_table": [
      [
        0,
        1,
        2,
        3,
        4,
        5,
        6
      ],
      [
        1,
        2,
        3,
        4,
        5,
        6,
        0
      ],
      [
        2,
        3,
        4,
        5,
        6,
        0,
        1
      ],
      [
        3,
        4,
        5,
        6,
        0,
        1,
        2
      ],
      [
        4,
        5,
        6,
        0,
        1,
        2,
        3
      ],
      [
        5,
        6,
        0,
        1,
        2,
        3,
        4
      ],
      [
        6,
        0,
        1,
        2,
        3,
        4,
        5
      ]
    ],
    "is_abelian_group": true,
    "identity_element": 0
  },
  "distance_matrices": {
    "circular_distance": [
      [
        0.0,
        1.0,
        2.0,
        3.0,
        3.0,
        2.0,
        1.0
      ],
      [
        1.0,
        0.0,
        1.0,
        2.0,
        3.0,
        3.0,
        2.0
      ],
      [
        2.0,
        1.0,
        0.0,
        1.0,
        2.0,
        3.0,
        3.0
      ],
      [
        3.0,
        2.0,
        1.0,
        0.0,
        1.0,
        2.0,
        3.0
      ],
      [
        3.0,
        3.0,
        2.0,
        1.0,
        0.0,
        1.0,
        2.0
      ],
      [
        2.0,
        3.0,
        3.0,
        2.0,
        1.0,
        0.0,
        1.0
      ],
      [
        1.0,
        2.0,
        3.0,
        3.0,
        2.0,
        1.0,
        0.0
      ]
    ],
    "euclidean_distance": [
      [
        0.0,
        0.8677675127983093,
        1.5636630058288574,
        1.9498556852340698,
        1.9498556852340698,
        1.5636630058288574,
        0.8677676320075989
      ],
      [
        0.8677675127983093,
        0.0,
        0.8677675127983093,
        1.5636628866195679,
        1.9498558044433594,
        1.9498558044433594,
        1.563663125038147
      ],
      [
        1.5636630058288574,
        0.8677675127983093,
        0.0,
        0.8677673935890198,
        1.5636630058288574,
        1.9498558044433594,
        1.949855923652649
      ],
      [
        1.9498556852340698,
        1.5636628866195679,
        0.8677673935890198,
        0.0,
        0.8677675724029541,
        1.5636630058288574,
        1.9498558044433594
      ],
      [
        1.9498556852340698,
        1.9498558044433594,
        1.5636630058288574,
        0.8677675724029541,
        0.0,
        0.8677673935890198,
        1.5636628866195679
      ],
      [
        1.5636630058288574,
        1.9498558044433594,
        1.9498558044433594,
        1.5636630058288574,
        0.8677673935890198,
        0.0,
        0.8677673935890198
      ],
      [
        0.8677676320075989,
        1.563663125038147,
        1.949855923652649,
        1.9498558044433594,
        1.5636628866195679,
        0.8677673935890198,
        0.0
      ]
    ],
    "unit_circle_coords": [
      [
        1.0,
        0.0
      ],
      [
        0.6234897971153259,
        0.7818315029144287
      ],
      [
        -0.22252094745635986,
        0.9749279022216797
      ],
      [
        -0.9009688496589661,
        0.43388381600379944
      ],
      [
        -0.9009688496589661,
        -0.43388375639915466
      ],
      [
        -0.22252100706100464,
        -0.9749279022216797
      ],
      [
        0.6234896779060364,
        -0.7818316221237183
      ]
    ],
    "angles": [
      0.0,
      0.8975979089736938,
      1.7951958179473877,
      2.692793607711792,
      3.5903916358947754,
      4.48798942565918,
      5.385587215423584
    ]
  },
  "validation_sets": {
    "commutativity": {
      "index_pairs": [
        [
          1,
          7
        ],
        [
          2,
          14
        ],
        [
          3,
          21
        ],
        [
          4,
          28
        ],
        [
          5,
          35
        ],
        [
          6,
          42
        ],
        [
          9,
          15
        ],
        [
          10,
          22
        ],
        [
          11,
          29
        ],
        [
          12,
          36
        ],
        [
          13,
          43
        ],
        [
          17,
          23
        ],
        [
          18,
          30
        ],
        [
          19,
          37
        ],
        [
          20,
          44
        ],
        [
          25,
          31
        ],
        [
          26,
          38
        ],
        [
          27,
          45
        ],
        [
          33,
          39
        ],
        [
          34,
          46
        ],
        [
          41,
          47
        ]
      ],
      "description": "f(a,b) should equal f(b,a)",
      "expected_difference": 0
    },
    "identity": {
      "indices": [
        0,
        7,
        14,
        21,
        28,
        35,
        42
      ],
      "expected_outputs": [
        0,
        1,
        2,
        3,
        4,
        5,
        6
      ],
      "description": "f(a,0) should equal a"
    },
    "inverse": {
      "indices": [
        13,
        19,
        25
      ],
      "expected_output": 0,
      "description": "f(a,p-a) should equal 0"
    }
  },
  "dataset_info": {
    "p": 7,
    "representation": "embedding",
    "num_examples": 49,
    "input_shape": [
      49,
      2
    ],
    "target_shape": [
      49
    ]
  }
}