{
  "circular_structure": {
    "adjacency_pairs": [
      [
        0,
        1
      ],
      [
        1,
        2
      ],
      [
        2,
        3
      ],
      [
        3,
        4
      ],
      [
        4,
        5
      ],
      [
        5,
        6
      ],
      [
        6,
        7
      ],
      [
        7,
        8
      ],
      [
        8,
        9
      ],
      [
        9,
        10
      ],
      [
        10,
        11
      ],
      [
        11,
        12
      ],
      [
        12,
        13
      ],
      [
        13,
        14
      ],
      [
        14,
        15
      ],
      [
        15,
        16
      ],
      [
        16,
        0
      ]
    ],
    "diameter_pairs": [
      [
        0,
        8
      ],
      [
        1,
        9
      ],
      [
        2,
        10
      ],
      [
        3,
        11
      ],
      [
        4,
        12
      ],
      [
        5,
        13
      ],
      [
        6,
        14
      ],
      [
        7,
        15
      ],
      [
        8,
        16
      ]
    ],
    "expected_radius_consistency": true,
    "expected_angular_spacing": 0.36959913571644626
  },
  "algebraic_properties": {
    "commutative_pairs": [
      [
        [
          0,
          1
        ],
        [
          1,
          0
        ]
      ],
      [
        [
          0,
          2
        ],
        [
          2,
          0
        ]
      ],
      [
        [
          0,
          3
        ],
        [
          3,
          0
        ]
      ],
      [
        [
          0,
          4
        ],
        [
          4,
          0
        ]
      ],
      [
        [
          0,
          5
        ],
        [
          5,
          0
        ]
      ],
      [
        [
          0,
          6
        ],
        [
          6,
          0
        ]
      ],
      [
        [
          0,
          7
        ],
        [
          7,
          0
        ]
      ],
      [
        [
          0,
          8
        ],
        [
          8,
          0
        ]
      ],
      [
        [
          0,
          9
        ],
        [
          9,
          0
        ]
      ],
      [
        [
          0,
          10
        ],
        [
          10,
          0
        ]
      ],
      [
        [
          0,
          11
        ],
        [
          11,
          0
        ]
      ],
      [
        [
          0,
          12
        ],
        [
          12,
          0
        ]
      ],
      [
        [
          0,
          13
        ],
        [
          13,
          0
        ]
      ],
      [
        [
          0,
          14
        ],
        [
          14,
          0
        ]
      ],
      [
        [
          0,
          15
        ],
        [
          15,
          0
        ]
      ],
      [
        [
          0,
          16
        ],
        [
          16,
          0
        ]
      ],
      [
        [
          1,
          2
        ],
        [
          2,
          1
        ]
      ],
      [
        [
          1,
          3
        ],
        [
          3,
          1
        ]
      ],
      [
        [
          1,
          4
        ],
        [
          4,
          1
        ]
      ],
      [
        [
          1,
          5
        ],
        [
          5,
          1
        ]
      ],
      [
        [
          1,
          6
        ],
        [
          6,
          1
        ]
      ],
      [
        [
          1,
          7
        ],
        [
          7,
          1
        ]
      ],
      [
        [
          1,
          8
        ],
        [
          8,
          1
        ]
      ],
      [
        [
          1,
          9
        ],
        [
          9,
          1
        ]
      ],
      [
        [
          1,
          10
        ],
        [
          10,
          1
        ]
      ],
      [
        [
          1,
          11
        ],
        [
          11,
          1
        ]
      ],
      [
        [
          1,
          12
        ],
        [
          12,
          1
        ]
      ],
      [
        [
          1,
          13
        ],
        [
          13,
          1
        ]
      ],
      [
        [
          1,
          14
        ],
        [
          14,
          1
        ]
      ],
      [
        [
          1,
          15
        ],
        [
          15,
          1
        ]
      ],
      [
        [
          1,
          16
        ],
        [
          16,
          1
        ]
      ],
      [
        [
          2,
          3
        ],
        [
          3,
          2
        ]
      ],
      [
        [
          2,
          4
        ],
        [
          4,
          2
        ]
      ],
      [
        [
          2,
          5
        ],
        [
          5,
          2
        ]
      ],
      [
        [
          2,
          6
        ],
        [
          6,
          2
        ]
      ],
      [
        [
          2,
          7
        ],
        [
          7,
          2
        ]
      ],
      [
        [
          2,
          8
        ],
        [
          8,
          2
        ]
      ],
      [
        [
          2,
          9
        ],
        [
          9,
          2
        ]
      ],
      [
        [
          2,
          10
        ],
        [
          10,
          2
        ]
      ],
      [
        [
          2,
          11
        ],
        [
          11,
          2
        ]
      ],
      [
        [
          2,
          12
        ],
        [
          12,
          2
        ]
      ],
      [
        [
          2,
          13
        ],
        [
          13,
          2
        ]
      ],
      [
        [
          2,
          14
        ],
        [
          14,
          2
        ]
      ],
      [
        [
          2,
          15
        ],
        [
          15,
          2
        ]
      ],
      [
        [
          2,
          16
        ],
        [
          16,
          2
        ]
      ],
      [
        [
          3,
          4
        ],
        [
          4,
          3
        ]
      ],
      [
        [
          3,
          5
        ],
        [
          5,
          3
        ]
      ],
      [
        [
          3,
          6
        ],
        [
          6,
          3
        ]
      ],
      [
        [
          3,
          7
        ],
        [
          7,
          3
        ]
      ],
      [
        [
          3,
          8
        ],
        [
          8,
          3
        ]
      ],
      [
        [
          3,
          9
        ],
        [
          9,
          3
        ]
      ],
      [
        [
          3,
          10
        ],
        [
          10,
          3
        ]
      ],
      [
        [
          3,
          11
        ],
        [
          11,
          3
        ]
      ],
      [
        [
          3,
          12
        ],
        [
          12,
          3
        ]
      ],
      [
        [
          3,
          13
        ],
        [
          13,
          3
        ]
      ],
      [
        [
          3,
          14
        ],
        [
          14,
          3
        ]
      ],
      [
        [
          3,
          15
        ],
        [
          15,
          3
        ]
      ],
      [
        [
          3,
          16
        ],
        [
          16,
          3
        ]
      ],
      [
        [
          4,
          5
        ],
        [
          5,
          4
        ]
      ],
      [
        [
          4,
          6
        ],
        [
          6,
          4
        ]
      ],
      [
        [
          4,
          7
        ],
        [
          7,
          4
        ]
      ],
      [
        [
          4,
          8
        ],
        [
          8,
          4
        ]
      ],
      [
        [
          4,
          9
        ],
        [
          9,
          4
        ]
      ],
      [
        [
          4,
          10
        ],
        [
          10,
          4
        ]
      ],
      [
        [
          4,
          11
        ],
        [
          11,
          4
        ]
      ],
      [
        [
          4,
          12
        ],
        [
          12,
          4
        ]
      ],
      [
        [
          4,
          13
        ],
        [
          13,
          4
        ]
      ],
      [
        [
          4,
          14
        ],
        [
          14,
          4
        ]
      ],
      [
        [
          4,
          15
        ],
        [
          15,
          4
        ]
      ],
      [
        [
          4,
          16
        ],
        [
          16,
          4
        ]
      ],
      [
        [
          5,
          6
        ],
        [
          6,
          5
        ]
      ],
      [
        [
          5,
          7
        ],
        [
          7,
          5
        ]
      ],
      [
        [
          5,
          8
        ],
        [
          8,
          5
        ]
      ],
      [
        [
          5,
          9
        ],
        [
          9,
          5
        ]
      ],
      [
        [
          5,
          10
        ],
        [
          10,
          5
        ]
      ],
      [
        [
          5,
          11
        ],
        [
          11,
          5
        ]
      ],
      [
        [
          5,
          12
        ],
        [
          12,
          5
        ]
      ],
      [
        [
          5,
          13
        ],
        [
          13,
          5
        ]
      ],
      [
        [
          5,
          14
        ],
        [
          14,
          5
        ]
      ],
      [
        [
          5,
          15
        ],
        [
          15,
          5
        ]
      ],
      [
        [
          5,
          16
        ],
        [
          16,
          5
        ]
      ],
      [
        [
          6,
          7
        ],
        [
          7,
          6
        ]
      ],
      [
        [
          6,
          8
        ],
        [
          8,
          6
        ]
      ],
      [
        [
          6,
          9
        ],
        [
          9,
          6
        ]
      ],
      [
        [
          6,
          10
        ],
        [
          10,
          6
        ]
      ],
      [
        [
          6,
          11
        ],
        [
          11,
          6
        ]
      ],
      [
        [
          6,
          12
        ],
        [
          12,
          6
        ]
      ],
      [
        [
          6,
          13
        ],
        [
          13,
          6
        ]
      ],
      [
        [
          6,
          14
        ],
        [
          14,
          6
        ]
      ],
      [
        [
          6,
          15
        ],
        [
          15,
          6
        ]
      ],
      [
        [
          6,
          16
        ],
        [
          16,
          6
        ]
      ],
      [
        [
          7,
          8
        ],
        [
          8,
          7
        ]
      ],
      [
        [
          7,
          9
        ],
        [
          9,
          7
        ]
      ],
      [
        [
          7,
          10
        ],
        [
          10,
          7
        ]
      ],
      [
        [
          7,
          11
        ],
        [
          11,
          7
        ]
      ],
      [
        [
          7,
          12
        ],
        [
          12,
          7
        ]
      ],
      [
        [
          7,
          13
        ],
        [
          13,
          7
        ]
      ],
      [
        [
          7,
          14
        ],
        [
          14,
          7
        ]
      ],
      [
        [
          7,
          15
        ],
        [
          15,
          7
        ]
      ],
      [
        [
          7,
          16
        ],
        [
          16,
          7
        ]
      ],
      [
        [
          8,
          9
        ],
        [
          9,
          8
        ]
      ],
      [
        [
          8,
          10
        ],
        [
          10,
          8
        ]
      ],
      [
        [
          8,
          11
        ],
        [
          11,
          8
        ]
      ],
      [
        [
          8,
          12
        ],
        [
          12,
          8
        ]
      ],
      [
        [
          8,
          13
        ],
        [
          13,
          8
        ]
      ],
      [
        [
          8,
          14
        ],
        [
          14,
          8
        ]
      ],
      [
        [
          8,
          15
        ],
        [
          15,
          8
        ]
      ],
      [
        [
          8,
          16
        ],
        [
          16,
          8
        ]
      ],
      [
        [
          9,
          10
        ],
        [
          10,
          9
        ]
      ],
      [
        [
          9,
          11
        ],
        [
          11,
          9
        ]
      ],
      [
        [
          9,
          12
        ],
        [
          12,
          9
        ]
      ],
      [
        [
          9,
          13
        ],
        [
          13,
          9
        ]
      ],
      [
        [
          9,
          14
        ],
        [
          14,
          9
        ]
      ],
      [
        [
          9,
          15
        ],
        [
          15,
          9
        ]
      ],
      [
        [
          9,
          16
        ],
        [
          16,
          9
        ]
      ],
      [
        [
          10,
          11
        ],
        [
          11,
          10
        ]
      ],
      [
        [
          10,
          12
        ],
        [
          12,
          10
        ]
      ],
      [
        [
          10,
          13
        ],
        [
          13,
          10
        ]
      ],
      [
        [
          10,
          14
        ],
        [
          14,
          10
        ]
      ],
      [
        [
          10,
          15
        ],
        [
          15,
          10
        ]
      ],
      [
        [
          10,
          16
        ],
        [
          16,
          10
        ]
      ],
      [
        [
          11,
          12
        ],
        [
          12,
          11
        ]
      ],
      [
        [
          11,
          13
        ],
        [
          13,
          11
        ]
      ],
      [
        [
          11,
          14
        ],
        [
          14,
          11
        ]
      ],
      [
        [
          11,
          15
        ],
        [
          15,
          11
        ]
      ],
      [
        [
          11,
          16
        ],
        [
          16,
          11
        ]
      ],
      [
        [
          12,
          13
        ],
        [
          13,
          12
        ]
      ],
      [
        [
          12,
          14
        ],
        [
          14,
          12
        ]
      ],
      [
        [
          12,
          15
        ],
        [
          15,
          12
        ]
      ],
      [
        [
          12,
          16
        ],
        [
          16,
          12
        ]
      ],
      [
        [
          13,
          14
        ],
        [
          14,
          13
        ]
      ],
      [
        [
          13,
          15
        ],
        [
          15,
          13
        ]
      ],
      [
        [
          13,
          16
        ],
        [
          16,
          13
        ]
      ],
      [
        [
          14,
          15
        ],
        [
          15,
          14
        ]
      ],
      [
        [
          14,
          16
        ],
        [
          16,
          14
        ]
      ],
      [
        [
          15,
          16
        ],
        [
          16,
          15
        ]
      ]
    ],
    "identity_pairs": [
      [
        0,
        0
      ],
      [
        1,
        0
      ],
      [
        2,
        0
      ],
      [
        3,
        0
      ],
      [
        4,
        0
      ],
      [
        5,
        0
      ],
      [
        6,
        0
      ],
      [
        7,
        0
      ],
      [
        8,
        0
      ],
      [
        9,
        0
      ],
      [
        10,
        0
      ],
      [
        11,
        0
      ],
      [
        12,
        0
      ],
      [
        13,
        0
      ],
      [
        14,
        0
      ],
      [
        15,
        0
      ],
      [
        16,
        0
      ]
    ],
    "inverse_pairs": [
      [
        1,
        16
      ],
      [
        2,
        15
      ],
      [
        3,
        14
      ],
      [
        4,
        13
      ],
      [
        5,
        12
      ],
      [
        6,
        11
      ],
      [
        7,
        10
      ],
      [
        8,
        9
      ]
    ],
    "addition_table": [
      [
        0,
        1,
        2,
        3,
        4,
        5,
        6,
        7,
        8,
        9,
        10,
        11,
        12,
        13,
        14,
        15,
        16
      ],
      [
        1,
        2,
        3,
        4,
        5,
        6,
        7,
        8,
        9,
        10,
        11,
        12,
        13,
        14,
        15,
        16,
        0
      ],
      [
        2,
        3,
        4,
        5,
        6,
        7,
        8,
        9,
        10,
        11,
        12,
        13,
        14,
        15,
        16,
        0,
        1
      ],
      [
        3,
        4,
        5,
        6,
        7,
        8,
        9,
        10,
        11,
        12,
        13,
        14,
        15,
        16,
        0,
        1,
        2
      ],
      [
        4,
        5,
        6,
        7,
        8,
        9,
        10,
        11,
        12,
        13,
        14,
        15,
        16,
        0,
        1,
        2,
        3
      ],
      [
        5,
        6,
        7,
        8,
        9,
        10,
        11,
        12,
        13,
        14,
        15,
        16,
        0,
        1,
        2,
        3,
        4
      ],
      [
        6,
        7,
        8,
        9,
        10,
        11,
        12,
        13,
        14,
        15,
        16,
        0,
        1,
        2,
        3,
        4,
        5
      ],
      [
        7,
        8,
        9,
        10,
        11,
        12,
        13,
        14,
        15,
        16,
        0,
        1,
        2,
        3,
        4,
        5,
        6
      ],
      [
        8,
        9,
        10,
        11,
        12,
        13,
        14,
        15,
        16,
        0,
        1,
        2,
        3,
        4,
        5,
        6,
        7
      ],
      [
        9,
        10,
        11,
        12,
        13,
        14,
        15,
        16,
        0,
        1,
        2,
        3,
        4,
        5,
        6,
        7,
        8
      ],
      [
        10,
        11,
        12,
        13,
        14,
        15,
        16,
        0,
        1,
        2,
        3,
        4,
        5,
        6,
        7,
        8,
        9
      ],
      [
        11,
        12,
        13,
        14,
        15,
        16,
        0,
        1,
        2,
        3,
        4,
        5,
        6,
        7,
        8,
        9,
        10
      ],
      [
        12,
        13,
        14,
        15,
        16,
        0,
        1,
        2,
        3,
        4,
        5,
        6,
        7,
        8,
        9,
        10,
        11
      ],
      [
        13,
        14,
        15,
        16,
        0,
        1,
        2,
        3,
        4,
        5,
        6,
        7,
        8,
        9,
        10,
        11,
        12
      ],
      [
        14,
        15,
        16,
        0,
        1,
        2,
        3,
        4,
        5,
        6,
        7,
        8,
        9,
        10,
        11,
        12,
        13
      ],
      [
        15,
        16,
        0,
        1,
        2,
        3,
        4,
        5,
        6,
        7,
        8,
        9,
        10,
        11,
        12,
        13,
        14
      ],
      [
        16,
        0,
        1,
        2,
        3,
        4,
        5,
        6,
        7,
        8,
        9,
        10,
        11,
        12,
        13,
        14,
        15
      ]
    ],
    "is_abelian_group": true,
    "identity_element": 0
  },
  "distance_matrices": {
    "circular_distance": [
      [
        0.0,
        1.0,
        2.0,
        3.0,
        4.0,
        5.0,
        6.0,
        7.0,
        8.0,
        8.0,
        7.0,
        6.0,
        5.0,
        4.0,
        3.0,
        2.0,
        1.0
      ],
      [
        1.0,
        0.0,
        1.0,
        2.0,
        3.0,
        4.0,
        5.0,
        6.0,
        7.0,
        8.0,
        8.0,
        7.0,
        6.0,
        5.0,
        4.0,
        3.0,
        2.0
      ],
      [
        2.0,
        1.0,
        0.0,
        1.0,
        2.0,
        3.0,
        4.0,
        5.0,
        6.0,
        7.0,
        8.0,
        8.0,
        7.0,
        6.0,
        5.0,
        4.0,
        3.0
      ],
      [
        3.0,
        2.0,
        1.0,
        0.0,
        1.0,
        2.0,
        3.0,
        4.0,
        5.0,
        6.0,
        7.0,
        8.0,
        8.0,
        7.0,
        6.0,
        5.0,
        4.0
      ],
      [
        4.0,
        3.0,
        2.0,
        1.0,
        0.0,
        1.0,
        2.0,
        3.0,
        4.0,
        5.0,
        6.0,
        7.0,
        8.0,
        8.0,
        7.0,
        6.0,
        5.0
      ],
      [
        5.0,
        4.0,
        3.0,
        2.0,
        1.0,
        0.0,
        1.0,
        2.0,
        3.0,
        4.0,
        5.0,
        6.0,
        7.0,
        8.0,
        8.0,
        7.0,
        6.0
      ],
      [
        6.0,
        5.0,
        4.0,
        3.0,
        2.0,
        1.0,
        0.0,
        1.0,
        2.0,
        3.0,
        4.0,
        5.0,
        6.0,
        7.0,
        8.0,
        8.0,
        7.0
      ],
      [
        7.0,
        6.0,
        5.0,
        4.0,
        3.0,
        2.0,
        1.0,
        0.0,
        1.0,
        2.0,
        3.0,
        4.0,
        5.0,
        6.0,
        7.0,
        8.0,
        8.0
      ],
      [
        8.0,
        7.0,
        6.0,
        5.0,
        4.0,
        3.0,
        2.0,
        1.0,
        0.0,
        1.0,
        2.0,
        3.0,
        4.0,
        5.0,
        6.0,
        7.0,
        8.0
      ],
      [
        8.0,
        8.0,
        7.0,
        6.0,
        5.0,
        4.0,
        3.0,
        2.0,
        1.0,
        0.0,
        1.0,
        2.0,
        3.0,
        4.0,
        5.0,
        6.0,
        7.0
      ],
      [
        7.0,
        8.0,
        8.0,
        7.0,
        6.0,
        5.0,
        4.0,
        3.0,
        2.0,
        1.0,
        0.0,
        1.0,
        2.0,
        3.0,
        4.0,
        5.0,
        6.0
      ],
      [
        6.0,
        7.0,
        8.0,
        8.0,
        7.0,
        6.0,
        5.0,
        4.0,
        3.0,
        2.0,
        1.0,
        0.0,
        1.0,
        2.0,
        3.0,
        4.0,
        5.0
      ],
      [
        5.0,
        6.0,
        7.0,
        8.0,
        8.0,
        7.0,
        6.0,
        5.0,
        4.0,
        3.0,
        2.0,
        1.0,
        0.0,
        1.0,
        2.0,
        3.0,
        4.0
      ],
      [
        4.0,
        5.0,
        6.0,
        7.0,
        8.0,
        8.0,
        7.0,
        6.0,
        5.0,
        4.0,
        3.0,
        2.0,
        1.0,
        0.0,
        1.0,
        2.0,
        3.0
      ],
      [
        3.0,
        4.0,
        5.0,
        6.0,
        7.0,
        8.0,
        8.0,
        7.0,
        6.0,
        5.0,
        4.0,
        3.0,
        2.0,
        1.0,
        0.0,
        1.0,
        2.0
      ],
      [
        2.0,
        3.0,
        4.0,
        5.0,
        6.0,
        7.0,
        8.0,
        8.0,
        7.0,
        6.0,
        5.0,
        4.0,
        3.0,
        2.0,
        1.0,
        0.0,
        1.0
      ],
      [
        1.0,
        2.0,
        3.0,
        4.0,
        5.0,
        6.0,
        7.0,
        8.0,
        8.0,
        7.0,
        6.0,
        5.0,
        4.0,
        3.0,
        2.0,
        1.0,
        0.0
      ]
    ],
    "euclidean_distance": [
      [
        0.0,
        0.3674990236759186,
        0.7224833369255066,
        1.0528643131256104,
        1.3473912477493286,
        1.5960344076156616,
        1.7903265953063965,
        1.9236512184143066,
        1.9914683103561401,
        1.9914683103561401,
        1.9236512184143066,
        1.790326476097107,
        1.5960344076156616,
        1.3473914861679077,
        1.0528643131256104,
        0.7224835753440857,
        0.36749908328056335
      ],
      [
        0.3674990236759186,
        0.0,
        0.3674990236759186,
        0.7224833369255066,
        1.0528643131256104,
        1.3473912477493286,
        1.5960344076156616,
        1.7903265953063965,
        1.9236512184143066,
        1.9914683103561401,
        1.9914683103561401,
        1.9236512184143066,
        1.790326476097107,
        1.5960346460342407,
        1.3473913669586182,
        1.0528645515441895,
        0.7224833965301514
      ],
      [
        0.7224833369255066,
        0.3674990236759186,
        0.0,
        0.3674990236759186,
        0.7224833369255066,
        1.0528641939163208,
        1.3473912477493286,
        1.5960344076156616,
        1.7903265953063965,
        1.9236512184143066,
        1.9914683103561401,
        1.9914683103561401,
        1.9236512184143066,
        1.7903265953063965,
        1.5960344076156616,
        1.3473913669586182,
        1.0528644323349
      ],
      [
        1.0528643131256104,
        0.7224833369255066,
        0.3674990236759186,
        0.0,
        0.3674989938735962,
        0.7224833369255066,
        1.0528643131256104,
        1.3473912477493286,
        1.5960344076156616,
        1.790326476097107,
        1.9236512184143066,
        1.9914683103561401,
        1.9914683103561401,
        1.9236513376235962,
        1.7903265953063965,
        1.5960345268249512,
        1.3473913669586182
      ],
      [
        1.3473912477493286,
        1.0528643131256104,
        0.7224833369255066,
        0.3674989938735962,
        0.0,
        0.3674990236759186,
        0.7224833369255066,
        1.0528643131256104,
        1.3473912477493286,
        1.5960344076156616,
        1.790326476097107,
        1.923651099205017,
        1.9914683103561401,
        1.9914684295654297,
        1.9236513376235962,
        1.790326714515686,
        1.5960344076156616
      ],
      [
        1.5960344076156616,
        1.3473912477493286,
        1.0528641939163208,
        0.7224833369255066,
        0.3674990236759186,
        0.0,
        0.36749911308288574,
        0.7224833965301514,
        1.0528643131256104,
        1.3473912477493286,
        1.5960344076156616,
        1.7903265953063965,
        1.9236513376235962,
        1.9914683103561401,
        1.9914683103561401,
        1.9236512184143066,
        1.7903265953063965
      ],
      [
        1.7903265953063965,
        1.5960344076156616,
        1.3473912477493286,
        1.0528643131256104,
        0.7224833369255066,
        0.36749911308288574,
        0.0,
        0.3674990236759186,
        0.7224833369255066,
        1.0528641939163208,
        1.3473912477493286,
        1.596034288406372,
        1.7903265953063965,
        1.9236512184143066,
        1.9914684295654297,
        1.9914683103561401,
        1.9236512184143066
      ],
      [
        1.9236512184143066,
        1.7903265953063965,
        1.5960344076156616,
        1.3473912477493286,
        1.0528643131256104,
        0.7224833965301514,
        0.3674990236759186,
        0.0,
        0.3674990236759186,
        0.722483217716217,
        1.0528643131256104,
        1.3473912477493286,
        1.5960345268249512,
        1.790326476097107,
        1.9236513376235962,
        1.9914683103561401,
        1.9914683103561401
      ],
      [
        1.9914683103561401,
        1.9236512184143066,
        1.7903265953063965,
        1.5960344076156616,
        1.3473912477493286,
        1.0528643131256104,
        0.7224833369255066,
        0.3674990236759186,
        0.0,
        0.3674989938735962,
        0.722483217716217,
        1.0528641939163208,
        1.3473912477493286,
        1.5960344076156616,
        1.7903265953063965,
        1.923651099205017,
        1.9914683103561401
      ],
      [
        1.9914683103561401,
        1.9914683103561401,
        1.9236512184143066,
        1.790326476097107,
        1.5960344076156616,
        1.3473912477493286,
        1.0528641939163208,
        0.722483217716217,
        0.3674989938735962,
        0.0,
        0.3674990236759186,
        0.7224832773208618,
        1.0528643131256104,
        1.3473912477493286,
        1.5960345268249512,
        1.7903263568878174,
        1.9236512184143066
      ],
      [
        1.9236512184143066,
        1.9914683103561401,
        1.9914683103561401,
        1.9236512184143066,
        1.790326476097107,
        1.5960344076156616,
        1.3473912477493286,
        1.0528643131256104,
        0.722483217716217,
        0.3674990236759186,
        0.0,
        0.3674989640712738,
        0.7224835157394409,
        1.0528641939163208,
        1.3473913669586182,
        1.596034288406372,
        1.7903265953063965
      ],
      [
        1.790326476097107,
        1.9236512184143066,
        1.9914683103561401,
        1.9914683103561401,
        1.923651099205017,
        1.7903265953063965,
        1.596034288406372,
        1.3473912477493286,
        1.0528641939163208,
        0.7224832773208618,
        0.3674989640712738,
        0.0,
        0.3674992620944977,
        0.7224832773208618,
        1.0528644323349,
        1.347391128540039,
        1.5960344076156616
      ],
      [
        1.5960344076156616,
        1.790326476097107,
        1.9236512184143066,
        1.9914683103561401,
        1.9914683103561401,
        1.9236513376235962,
        1.7903265953063965,
        1.5960345268249512,
        1.3473912477493286,
        1.0528643131256104,
        0.7224835157394409,
        0.3674992620944977,
        0.0,
        0.3674987852573395,
        0.722483217716217,
        1.0528639554977417,
        1.3473912477493286
      ],
      [
        1.3473914861679077,
        1.5960346460342407,
        1.7903265953063965,
        1.9236513376235962,
        1.9914684295654297,
        1.9914683103561401,
        1.9236512184143066,
        1.790326476097107,
        1.5960344076156616,
        1.3473912477493286,
        1.0528641939163208,
        0.7224832773208618,
        0.3674987852573395,
        0.0,
        0.3674992322921753,
        0.7224832773208618,
        1.0528644323349
      ],
      [
        1.0528643131256104,
        1.3473913669586182,
        1.5960344076156616,
        1.7903265953063965,
        1.9236513376235962,
        1.9914683103561401,
        1.9914684295654297,
        1.9236513376235962,
        1.7903265953063965,
        1.5960345268249512,
        1.3473913669586182,
        1.0528644323349,
        0.722483217716217,
        0.3674992322921753,
        0.0,
        0.3674987852573395,
        0.7224833369255066
      ],
      [
        0.7224835753440857,
        1.0528645515441895,
        1.3473913669586182,
        1.5960345268249512,
        1.790326714515686,
        1.9236512184143066,
        1.9914683103561401,
        1.9914683103561401,
        1.923651099205017,
        1.7903263568878174,
        1.596034288406372,
        1.347391128540039,
        1.0528639554977417,
        0.7224832773208618,
        0.3674987852573395,
        0.0,
        0.3674992322921753
      ],
      [
        0.36749908328056335,
        0.7224833965301514,
        1.0528644323349,
        1.3473913669586182,
        1.5960344076156616,
        1.7903265953063965,
        1.9236512184143066,
        1.9914683103561401,
        1.9914683103561401,
        1.9236512184143066,
        1.7903265953063965,
        1.5960344076156616,
        1.3473912477493286,
        1.0528644323349,
        0.7224833369255066,
        0.3674992322921753,
        0.0
      ]
    ],
    "unit_circle_coords": [
      [
        1.0,
        0.0
      ],
      [
        0.9324722290039062,
        0.3612416684627533
      ],
      [
        0.739008903503418,
        0.6736956238746643
      ],
      [
        0.4457383453845978,
        0.8951632976531982
      ],
      [
        0.09226837009191513,
        0.9957341551780701
      ],
      [
        -0.2736629545688629,
        0.9618256688117981
      ],
      [
        -0.6026346683502197,
        0.7980172038078308
      ],
      [
        -0.8502171635627747,
        0.5264321565628052
      ],
      [
        -0.9829730987548828,
        0.18374952673912048
      ],
      [
        -0.9829730987548828,
        -0.1837494671344757
      ],
      [
        -0.8502171635627747,
        -0.5264320969581604
      ],
      [
        -0.6026347279548645,
        -0.798017144203186
      ],
      [
        -0.27366289496421814,
        -0.9618256688117981
      ],
      [
        0.09226818382740021,
        -0.9957342147827148
      ],
      [
        0.44573837518692017,
        -0.8951632976531982
      ],
      [
        0.7390087246894836,
        -0.6736958026885986
      ],
      [
        0.9324722290039062,
        -0.3612416982650757
      ]
    ],
    "angles": [
      0.0,
      0.3695991337299347,
      0.7391982674598694,
      1.1087974309921265,
      1.4783965349197388,
      1.847995638847351,
      2.217594861984253,
      2.5871939659118652,
      2.9567930698394775,
      3.32639217376709,
      3.695991277694702,
      4.0655903816223145,
      4.435189723968506,
      4.804788589477539,
      5.1743879318237305,
      5.543986797332764,
      5.913586139678955
    ]
  },
  "validation_sets": {
    "commutativity": {
      "index_pairs": [
        [
          1,
          17
        ],
        [
          2,
          34
        ],
        [
          3,
          51
        ],
        [
          4,
          68
        ],
        [
          5,
          85
        ],
        [
          6,
          102
        ],
        [
          7,
          119
        ],
        [
          8,
          136
        ],
        [
          9,
          153
        ],
        [
          10,
          170
        ],
        [
          11,
          187
        ],
        [
          12,
          204
        ],
        [
          13,
          221
        ],
        [
          14,
          238
        ],
        [
          15,
          255
        ],
        [
          16,
          272
        ],
        [
          19,
          35
        ],
        [
          20,
          52
        ],
        [
          21,
          69
        ],
        [
          22,
          86
        ],
        [
          23,
          103
        ],
        [
          24,
          120
        ],
        [
          25,
          137
        ],
        [
          26,
          154
        ],
        [
          27,
          171
        ],
        [
          28,
          188
        ],
        [
          29,
          205
        ],
        [
          30,
          222
        ],
        [
          31,
          239
        ],
        [
          32,
          256
        ],
        [
          33,
          273
        ],
        [
          37,
          53
        ],
        [
          38,
          70
        ],
        [
          39,
          87
        ],
        [
          40,
          104
        ],
        [
          41,
          121
        ],
        [
          42,
          138
        ],
        [
          43,
          155
        ],
        [
          44,
          172
        ],
        [
          45,
          189
        ],
        [
          46,
          206
        ],
        [
          47,
          223
        ],
        [
          48,
          240
        ],
        [
          49,
          257
        ],
        [
          50,
          274
        ],
        [
          55,
          71
        ],
        [
          56,
          88
        ],
        [
          57,
          105
        ],
        [
          58,
          122
        ],
        [
          59,
          139
        ],
        [
          60,
          156
        ],
        [
          61,
          173
        ],
        [
          62,
          190
        ],
        [
          63,
          207
        ],
        [
          64,
          224
        ],
        [
          65,
          241
        ],
        [
          66,
          258
        ],
        [
          67,
          275
        ],
        [
          73,
          89
        ],
        [
          74,
          106
        ],
        [
          75,
          123
        ],
        [
          76,
          140
        ],
        [
          77,
          157
        ],
        [
          78,
          174
        ],
        [
          79,
          191
        ],
        [
          80,
          208
        ],
        [
          81,
          225
        ],
        [
          82,
          242
        ],
        [
          83,
          259
        ],
        [
          84,
          276
        ],
        [
          91,
          107
        ],
        [
          92,
          124
        ],
        [
          93,
          141
        ],
        [
          94,
          158
        ],
        [
          95,
          175
        ],
        [
          96,
          192
        ],
        [
          97,
          209
        ],
        [
          98,
          226
        ],
        [
          99,
          243
        ],
        [
          100,
          260
        ],
        [
          101,
          277
        ],
        [
          109,
          125
        ],
        [
          110,
          142
        ],
        [
          111,
          159
        ],
        [
          112,
          176
        ],
        [
          113,
          193
        ],
        [
          114,
          210
        ],
        [
          115,
          227
        ],
        [
          116,
          244
        ],
        [
          117,
          261
        ],
        [
          118,
          278
        ],
        [
          127,
          143
        ],
        [
          128,
          160
        ],
        [
          129,
          177
        ],
        [
          130,
          194
        ],
        [
          131,
          211
        ],
        [
          132,
          228
        ],
        [
          133,
          245
        ],
        [
          134,
          262
        ],
        [
          135,
          279
        ],
        [
          145,
          161
        ],
        [
          146,
          178
        ],
        [
          147,
          195
        ],
        [
          148,
          212
        ],
        [
          149,
          229
        ],
        [
          150,
          246
        ],
